# k  LR  UR  LT  UT
 4  0.057020 0.000112 0.942760 0.000109
 5  0.039195 0.000206 0.960463 0.000136
 6  0.013525 0.000262 0.985883 0.000331
 7  0.005624 0.001113 0.991578 0.001685
 8  0.000704 0.000657 0.997706 0.000933
 9  0.000890 0.004344 0.991576 0.003191
10  0.003304 0.018502 0.972821 0.005373
11  0.003428 0.000544 0.969360 0.026668
12  0.001190 0.012378 0.985307 0.001125
13  0.000479 0.006016 0.986762 0.006743
14  0.000753 0.007469 0.944264 0.047513
15  0.000258 0.002530 0.873306 0.123906
16  0.000025 0.000280 0.815080 0.184615
17  0.000001 0.000013 0.799500 0.200486
18  0.000000 0.000000 0.829525 0.170475
19  0.000000 0.000000 0.885988 0.114012
20  0.000000 0.000000 0.941484 0.058516
21  0.000000 0.000000 0.972781 0.027219
22  0.000000 0.000000 0.967309 0.032691
23  0.000000 0.000000 0.923872 0.076128
24  0.000000 0.000000 0.849704 0.150296
25  0.000000 0.000000 0.756316 0.243684
26  0.000000 0.000000 0.655934 0.344066
27  0.000000 0.000000 0.559259 0.440741
28  0.000000 0.000000 0.474473 0.525527
29  0.000000 0.000000 0.407064 0.592936
30  0.000000 0.000000 0.360054 0.639946
31  0.000000 0.000000 0.334388 0.665612
32  0.000000 0.000000 0.329355 0.670645
33  0.000000 0.000000 0.343008 0.656992
34  0.000000 0.000000 0.372561 0.627439
35  0.000000 0.000000 0.414756 0.585244
36  0.000000 0.000000 0.466176 0.533824
37  0.000000 0.000000 0.523496 0.476504
38  0.000000 0.000000 0.583670 0.416330
39  0.000000 0.000000 0.644050 0.355950
40  0.000000 0.000000 0.702446 0.297554
41  0.000000 0.000000 0.757144 0.242856
42  0.000000 0.000000 0.806880 0.193120
43  0.000000 0.000000 0.850801 0.149199
44  0.000000 0.000000 0.888406 0.111594
45  0.000000 0.000000 0.919488 0.080512
46  0.000000 0.000000 0.944071 0.055929
47  0.000000 0.000000 0.962357 0.037643
48  0.000000 0.000000 0.974678 0.025322
49  0.000000 0.000000 0.981449 0.018551
50  0.000000 0.000000 0.983141 0.016858
