# k  LR  UR  LT  UT
 4  0.009350 0.085179 0.905471 0.000000
 5  0.022039 0.124876 0.853085 0.000000
 6  0.036829 0.153584 0.809587 0.000000
 7  0.051614 0.173881 0.774505 0.000000
 8  0.065294 0.188527 0.746179 0.000000
 9  0.077734 0.199217 0.723049 0.000000
10  0.089000 0.207146 0.703854 0.000000
11  0.098995 0.213229 0.687776 0.000000
12  0.107901 0.217992 0.674108 0.000000
13  0.115923 0.221719 0.662358 0.000000
14  0.123092 0.224752 0.652156 0.000000
15  0.129579 0.227200 0.643220 0.000000
16  0.135431 0.229237 0.635331 0.000000
17  0.140738 0.230944 0.628318 0.000000
18  0.145590 0.232368 0.622042 0.000000
19  0.150006 0.233599 0.616396 0.000000
20  0.154072 0.234636 0.611292 0.000000
21  0.157810 0.235537 0.606654 0.000000
22  0.161243 0.236342 0.602415 0.000000
23  0.164440 0.237022 0.598530 0.000008
24  0.167144 0.237592 0.594961 0.000302
25  0.168829 0.236764 0.591675 0.002732
26  0.164894 0.228554 0.588655 0.017897
27  0.143934 0.197819 0.585834 0.072412
28  0.097166 0.135015 0.583206 0.184614
29  0.050048 0.070546 0.580749 0.298657
30  0.018029 0.026859 0.578448 0.376664
31  0.003330 0.006808 0.576289 0.413572
32  0.000001 0.000276 0.574263 0.425460
33  0.000000 0.000007 0.572358 0.427635
34  0.000000 0.000000 0.570566 0.429434
35  0.000000 0.000000 0.568878 0.431122
36  0.000000 0.000000 0.567285 0.432715
37  0.000000 0.000000 0.565779 0.434221
38  0.000000 0.000000 0.564353 0.435647
39  0.000000 0.000000 0.563000 0.437000
40  0.000000 0.000000 0.561714 0.438286
41  0.000000 0.000000 0.560488 0.439512
42  0.000000 0.000000 0.559319 0.440681
43  0.000000 0.000000 0.558201 0.441799
44  0.000000 0.000000 0.557132 0.442868
45  0.000000 0.000000 0.556107 0.443893
46  0.000000 0.000000 0.555123 0.444876
47  0.000001 0.000001 0.554178 0.445820
48  0.000009 0.000005 0.553259 0.446727
49  0.000063 0.000034 0.552304 0.447599
50  0.000344 0.000184 0.551034 0.448437
