# k  LR  UR  LT  UT
 4  0.794639 0.001455 0.185288 0.018618
 5  0.156204 0.000200 0.837697 0.005900
 6  0.012724 0.000021 0.985817 0.001437
 7  0.002205 0.000017 0.997467 0.000311
 8  0.020206 0.017471 0.945497 0.016826
 9  0.008546 0.023172 0.882856 0.085425
10  0.000219 0.000714 0.844805 0.154262
11  0.000003 0.000008 0.813255 0.186735
12  0.000001 0.000001 0.781201 0.218797
13  0.000000 0.000000 0.747618 0.252381
14  0.000000 0.000000 0.712663 0.287337
15  0.000000 0.000000 0.676939 0.323060
16  0.000000 0.000000 0.641146 0.358853
17  0.000000 0.000000 0.605904 0.394096
18  0.000000 0.000000 0.571698 0.428302
19  0.000000 0.000000 0.538870 0.461129
20  0.000000 0.000000 0.507642 0.492358
21  0.000000 0.000000 0.478133 0.521867
22  0.000000 0.000000 0.450388 0.549612
23  0.000000 0.000000 0.424399 0.575601
24  0.000000 0.000000 0.400119 0.599881
25  0.000000 0.000000 0.377479 0.622521
26  0.000000 0.000000 0.356393 0.643607
27  0.000000 0.000000 0.336769 0.663231
28  0.000000 0.000000 0.318511 0.681489
29  0.000000 0.000000 0.301524 0.698476
30  0.000000 0.000000 0.285716 0.714284
31  0.000000 0.000000 0.270998 0.729002
32  0.000000 0.000000 0.257288 0.742712
33  0.000000 0.000000 0.244508 0.755492
34  0.000000 0.000000 0.232585 0.767415
35  0.000000 0.000000 0.221452 0.778548
36  0.000000 0.000000 0.211048 0.788952
37  0.000000 0.000000 0.201316 0.798684
38  0.000000 0.000000 0.192204 0.807796
39  0.000000 0.000000 0.183664 0.816336
40  0.000000 0.000000 0.175652 0.824348
41  0.000000 0.000000 0.168129 0.831871
42  0.000000 0.000000 0.161058 0.838942
43  0.000000 0.000000 0.154405 0.845595
44  0.000000 0.000000 0.148140 0.851860
45  0.000000 0.000000 0.142234 0.857766
46  0.000000 0.000000 0.136661 0.863339
47  0.000000 0.000000 0.131399 0.868601
48  0.000000 0.000000 0.126426 0.873574
49  0.000000 0.000000 0.121720 0.878280
50  0.000000 0.000000 0.117265 0.882735
