# k  LR  UR  LT  UT
 4  0.198000 0.004000 0.750500 0.047500
 5  0.108000 0.003000 0.852500 0.036500
 6  0.057500 0.005000 0.899500 0.038000
 7  0.038500 0.001500 0.940500 0.019500
 8  0.023500 0.002500 0.948500 0.025500
 9  0.011500 0.004500 0.942000 0.042000
10  0.014000 0.004500 0.912500 0.069000
11  0.010500 0.004500 0.862000 0.123000
12  0.008500 0.001500 0.831500 0.158500
13  0.002500 0.004000 0.825500 0.168000
14  0.001000 0.000000 0.818500 0.180500
15  0.000500 0.000000 0.862000 0.137500
16  0.000000 0.000000 0.896500 0.103500
17  0.000000 0.000000 0.915000 0.085000
18  0.000000 0.000000 0.956500 0.043500
19  0.000000 0.000000 0.965000 0.035000
20  0.000000 0.000000 0.945500 0.054500
21  0.000000 0.000000 0.892500 0.107500
22  0.000000 0.000000 0.832500 0.167500
23  0.000000 0.000000 0.756500 0.243500
24  0.000000 0.000000 0.664000 0.336000
25  0.000000 0.000000 0.594000 0.406000
26  0.000000 0.000000 0.493000 0.507000
27  0.000000 0.000000 0.454000 0.546000
28  0.000000 0.000000 0.375000 0.625000
29  0.000000 0.000000 0.343000 0.657000
30  0.000000 0.000000 0.351500 0.648500
31  0.000000 0.000000 0.352500 0.647500
32  0.000000 0.000000 0.384000 0.616000
33  0.000000 0.000000 0.397000 0.603000
34  0.000000 0.000000 0.433500 0.566500
35  0.000000 0.000000 0.491000 0.509000
36  0.000000 0.000000 0.581500 0.418500
37  0.000000 0.000000 0.621500 0.378500
38  0.000000 0.000000 0.670500 0.329500
39  0.000000 0.000000 0.704000 0.296000
40  0.000000 0.000000 0.768500 0.231500
41  0.000000 0.000000 0.809500 0.190500
42  0.000000 0.000000 0.865500 0.134500
43  0.000000 0.000000 0.899500 0.100500
44  0.000000 0.000000 0.932000 0.068000
45  0.000000 0.000000 0.936500 0.063500
46  0.000000 0.000000 0.969000 0.031000
47  0.000000 0.000000 0.975500 0.024500
48  0.000000 0.000000 0.984500 0.015500
49  0.000000 0.000000 0.985500 0.014500
50  0.000000 0.000000 0.981500 0.018500
