# k  LR  UR  LT  UT
 4  0.068000 0.102000 0.830000 0.000000
 5  0.099000 0.101000 0.799500 0.000500
 6  0.102500 0.138500 0.759000 0.000000
 7  0.077500 0.175500 0.744500 0.002500
 8  0.114500 0.155500 0.729000 0.001000
 9  0.104500 0.180000 0.715000 0.000500
10  0.111500 0.181500 0.706500 0.000500
11  0.115000 0.191500 0.691000 0.002500
12  0.107500 0.220000 0.671500 0.001000
13  0.116000 0.230000 0.651000 0.003000
14  0.124000 0.231500 0.642000 0.002500
15  0.122500 0.249000 0.627000 0.001500
16  0.139500 0.227000 0.631500 0.002000
17  0.125500 0.242000 0.630000 0.002500
18  0.130000 0.245500 0.621500 0.003000
19  0.146000 0.241000 0.610500 0.002500
20  0.143000 0.246000 0.608500 0.002500
21  0.124000 0.252500 0.620000 0.003500
22  0.130000 0.269000 0.597000 0.004000
23  0.140000 0.264500 0.593000 0.002500
24  0.133500 0.256500 0.606500 0.003500
25  0.123500 0.289000 0.578500 0.009000
26  0.122500 0.241500 0.597500 0.038500
27  0.112500 0.191500 0.567000 0.129000
28  0.062000 0.119000 0.585500 0.233500
29  0.025500 0.065000 0.600500 0.309000
30  0.012000 0.016000 0.587500 0.384500
31  0.003500 0.006000 0.569500 0.421000
32  0.000000 0.003000 0.586500 0.410500
33  0.000500 0.000500 0.565500 0.433500
34  0.000000 0.000000 0.588500 0.411500
35  0.000000 0.000000 0.553000 0.447000
36  0.000000 0.000000 0.572500 0.427500
37  0.000000 0.000000 0.557000 0.443000
38  0.000000 0.000000 0.571500 0.428500
39  0.000000 0.000000 0.576000 0.424000
40  0.000000 0.000000 0.564500 0.435500
41  0.000000 0.000000 0.554500 0.445500
42  0.000000 0.000000 0.560000 0.440000
43  0.000000 0.000000 0.552000 0.448000
44  0.000000 0.000000 0.553000 0.447000
45  0.000000 0.000000 0.547500 0.452500
46  0.000000 0.000000 0.545000 0.455000
47  0.000000 0.000000 0.554500 0.445500
48  0.000000 0.000000 0.558500 0.441500
49  0.000000 0.000000 0.534500 0.465500
50  0.000000 0.000000 0.554500 0.445500
