# k  LR  UR  LT  UT
 4  0.897500 0.001500 0.097000 0.004000
 5  0.077500 0.000000 0.883500 0.039000
 6  0.035000 0.000000 0.838000 0.127000
 7  0.022000 0.000000 0.821000 0.157000
 8  0.008500 0.000000 0.844500 0.147000
 9  0.003500 0.000000 0.819500 0.177000
10  0.002000 0.000000 0.784000 0.214000
11  0.001000 0.000000 0.776000 0.223000
12  0.000000 0.000000 0.741500 0.258500
13  0.000000 0.000000 0.721000 0.279000
14  0.000000 0.000000 0.657000 0.343000
15  0.000000 0.000000 0.641500 0.358500
16  0.000000 0.000000 0.587500 0.412500
17  0.000000 0.000000 0.570500 0.429500
18  0.000000 0.000000 0.534500 0.465500
19  0.000000 0.000000 0.507000 0.493000
20  0.000000 0.000000 0.484000 0.516000
21  0.000000 0.000000 0.456500 0.543500
22  0.000000 0.000000 0.428500 0.571500
23  0.000000 0.000000 0.400500 0.599500
24  0.000000 0.000000 0.380000 0.620000
25  0.000000 0.000000 0.362500 0.637500
26  0.000000 0.000000 0.332500 0.667500
27  0.000000 0.000000 0.308000 0.692000
28  0.000000 0.000000 0.301000 0.699000
29  0.000000 0.000000 0.292500 0.707500
30  0.000000 0.000000 0.284000 0.716000
31  0.000000 0.000000 0.280000 0.720000
32  0.000000 0.000000 0.239000 0.761000
33  0.000000 0.000000 0.240000 0.760000
34  0.000000 0.000000 0.214500 0.785500
35  0.000000 0.000000 0.218000 0.782000
36  0.000000 0.000000 0.209500 0.790500
37  0.000000 0.000000 0.186500 0.813500
38  0.000000 0.000000 0.179500 0.820500
39  0.000000 0.000000 0.177000 0.823000
40  0.000000 0.000000 0.165000 0.835000
41  0.000000 0.000000 0.151000 0.849000
42  0.000000 0.000000 0.158500 0.841500
43  0.000000 0.000000 0.138500 0.861500
44  0.000000 0.000000 0.144000 0.856000
45  0.000000 0.000000 0.141000 0.859000
46  0.000000 0.000000 0.129500 0.870500
47  0.000000 0.000000 0.139000 0.861000
48  0.000000 0.000000 0.127500 0.872500
49  0.000000 0.000000 0.121000 0.879000
50  0.000000 0.000000 0.103000 0.897000
